image_width: 1440
image_height: 1080
camera_name: hk_camera_left
camera_matrix:
  rows: 3
  cols: 3
  data: [ 1793.45495,    0.     ,  761.63528,
          0.     , 1791.83362,  551.58477,
          0.     ,    0.     ,    1. ]
distortion_model: plumb_bob
distortion_coefficients:
  rows: 1
  cols: 5
  data: [ -0.079407, 0.113988, -0.000268, -0.000251, 0.000000 ]
rectification_matrix:
  rows: 3
  cols: 3
  data: [ 1., 0., 0.,
          0., 1., 0.,
          0., 0., 1. ]
projection_matrix:
  rows: 3
  cols: 4
  data: [ 1774.34851,    0.     ,  761.46581,    0.     ,
          0.     , 1778.79749,  551.0661 ,    0.     ,
          0.     ,    0.     ,    1.     ,    0. ]
extrinsic:
  rows: 3
  cols: 4
  data: [ 0.152768,  -0.988227, -0.00832467 , 0.0501988,
          0.00847187 , 0.00973279  ,-0.999917 , 0.0369495,
          0.988226  ,0.152685 , 0.00985899 , 0.0125274 ]
extrinsic2:
  rows: 3
  cols: 4
  data: [ 0.167909,  -0.985784,  -0.00612153,  0.0590264,
          -0.0331205,  0.000564986,  -0.999451,  0.0405572,
          0.985246,  0.168019,  -0.0325548,  -0.060554 ]
world_to_cam:
  rows: 3
  cols: 4
  data: [0.9902065104383774, -0.1381551706427959, 0.02010511154187618, -1.80592971081812,
    -0.007843078247378649, 0.08873296532120606, 0.9960245714784907, 1.264309490685013,
    -0.1393899308022529, -0.9864277011975918, 0.08678039813792962, 30.89981232167481]

